20000307030901
20000609152624
20011130142201
20020803110512
20030302105103
20030427102759
20030517084044
20030915222734
20040320191959
20050309170615
20050611192101
20060719171244
20070504133827
20070714073824
20071119070847
20080427192016
20081011164732
20090422015101
20100101001015
20100612040411
20101205132039
20110313050033
20110413163508
20111207102339
20120304194623
20131027040033
20140408094036
20140822070410
20140827053457
20140909005714
20150109232139
20151208133150
20160325032042
20160625010524
20160713201609
20171022035203
20171129045956
20180223155632
20180507012835
20180916235546
20181031065411
20190113223417
20190706081944
20191107182020
20200521213938
20200605222239
20201130014533
20210329124300
20210418050349
20211129153356
